matrix = [ ... 
+1.462135155655850e+04,  -1.917065578065015e+03,  -1.437802363930176e-04,  -1.462135155655850e+04,  +1.917065578065015e+03,  -1.437802363930176e-04;.... 
-1.917065578065015e+03,  +2.513878213838587e+02,  -1.096601325042502e-03,  +1.917065578065015e+03,  -2.513878213838587e+02,  -1.096601325042502e-03;.... 
-1.437802363930176e-04,  -1.096601325042502e-03,  +4.957568826634204e-05,  +1.437802363930176e-04,  +1.096601325042502e-03,  +2.478784413317102e-05;.... 
-1.462135155655850e+04,  +1.917065578065015e+03,  +1.437802363930176e-04,  +1.462135155655850e+04,  -1.917065578065015e+03,  +1.437802363930176e-04;.... 
+1.917065578065015e+03,  -2.513878213838587e+02,  +1.096601325042502e-03,  -1.917065578065015e+03,  +2.513878213838587e+02,  +1.096601325042502e-03;.... 
-1.437802363930176e-04,  -1.096601325042502e-03,  +2.478784413317102e-05,  +1.437802363930176e-04,  +1.096601325042502e-03,  +4.957568826634204e-05;]