matrix = [ ... 
+1.462135322929847e+04,  -1.917065797383832e+03,  -1.437802692910617e-04,  -1.462135322929847e+04,  +1.917065797383832e+03,  -1.437802692910617e-04;.... 
-1.917065797383832e+03,  +2.513878501510048e+02,  -1.096601575953483e-03,  +1.917065797383832e+03,  -2.513878501510048e+02,  -1.096601575953483e-03;.... 
-1.437802692910617e-04,  -1.096601575953483e-03,  +4.957569393799479e-05,  +1.437802692910617e-04,  +1.096601575953483e-03,  +2.478784696899740e-05;.... 
-1.462135322929847e+04,  +1.917065797383832e+03,  +1.437802692910617e-04,  +1.462135322929847e+04,  -1.917065797383832e+03,  +1.437802692910617e-04;.... 
+1.917065797383832e+03,  -2.513878501510048e+02,  +1.096601575953483e-03,  -1.917065797383832e+03,  +2.513878501510048e+02,  +1.096601575953483e-03;.... 
-1.437802692910617e-04,  -1.096601575953483e-03,  +2.478784696899740e-05,  +1.437802692910617e-04,  +1.096601575953483e-03,  +4.957569393799479e-05;]